clr.red=65535
clr.green=32768
clr.blue=0
cell_function=QCAD_CELL_FIXED
charge=0.000000e+00
charge=1.602176e-19
charge=0.000000e+00
charge=1.602176e-19
